0 1467 71 50 82 272 862 75 144 1814 231 47 85 754 280 67 80 902 513 80 84 
1 271 860 71 151 1818 229 41 84 1468 71 49 81 247 854 72 154 894 513 89 84 758 279 64 80 
2 1818 229 41 84 271 860 71 150 1468 71 49 81 247 854 72 154 895 513 88 84 758 279 64 80 
3 1818 229 41 84 271 860 71 151 1468 71 49 81 247 854 72 154 894 513 89 84 758 279 64 80 
4 1474 69 45 81 242 861 77 147 990 20 26 66 267 868 77 142 1818 227 42 84 894 514 83 86 892 465 77 114 805 277 50 85 1640 159 63 80 759 279 63 81 
5 1475 69 47 84 237 866 80 138 810 279 51 85 991 23 27 65 758 277 57 85 292 259 59 117 
6 1476 68 49 82 234 880 78 127 815 280 49 82 997 22 26 66 1639 160 65 78 882 461 80 121 1642 705 64 112 
7 1474 69 52 79 230 885 75 123 1639 157 61 80 813 280 47 80 998 20 26 67 1379 39 27 62 
8 1476 67 50 81 1642 157 62 81 223 890 72 114 817 281 49 80 870 518 102 90 
9 1476 67 50 81 1642 157 62 81 224 890 71 114 817 281 49 80 870 518 102 90 
10 1475 65 51 83 1641 156 62 81 1001 19 25 67 815 280 47 79 220 905 77 111 
11 1640 154 61 82 1476 63 49 82 1000 21 26 65 815 279 47 82 215 904 82 114 869 469 83 109 904 98 55 83 
12 1645 152 57 81 1485 66 49 81 817 277 44 83 998 20 25 66 211 907 78 113 861 517 95 89 
13 1644 152 58 81 1485 66 49 81 817 277 45 83 999 19 26 66 211 907 78 114 861 517 95 89 
14 1647 150 56 82 822 273 42 84 1491 64 46 82 203 911 72 112 992 20 26 64 854 510 99 100 
15 1647 150 57 82 822 273 42 84 1491 64 46 82 203 911 73 112 992 20 26 64 854 510 99 100 
16 1647 151 58 80 825 271 48 82 1491 62 45 80 196 913 73 111 992 20 27 63 
17 1648 151 59 80 180 914 68 113 832 269 46 85 1489 63 47 78 702 977 84 66 
18 1647 150 59 80 177 915 68 115 1487 63 48 78 841 271 44 84 703 977 85 66 
19 168 920 76 106 1646 150 59 80 1487 63 51 77 706 975 86 66 841 271 45 85 912 105 58 77 
20 159 924 77 100 1644 151 60 79 1490 61 49 78 712 973 81 68 844 267 48 87 914 106 55 74 837 506 79 108 
21 159 924 77 100 1644 151 60 79 1490 61 49 78 712 973 81 67 845 267 47 88 914 106 55 74 837 505 79 109 
22 151 930 86 97 1642 150 60 79 843 266 47 84 1491 60 48 77 1645 741 69 134 
23 1643 149 59 79 1486 61 49 76 142 939 84 95 841 264 51 81 
24 1643 149 59 79 823 506 82 116 1484 62 51 74 135 941 85 93 837 263 53 78 
25 1643 145 56 79 822 508 88 117 1488 57 49 76 
26 818 513 80 112 1643 142 58 80 1484 55 56 75 814 553 91 92 833 254 49 86 
